15
30
50
5 4 3 2 1 0 0 0 0 0 0 0 0 0 0 
5 5 6 7 8 9 
5 5 6 7 8 9 
5 5 6 7 8 9 
5 5 6 7 8 9 
5 5 6 7 8 9 
1 10 
2 10 11 
3 10 11 12 
4 10 11 12 13 
5 10 11 12 13 14 
0 
0 
0 
0 
0 
0 a* 1 1 0
1 a* 1 1 0
2 a* 1 1 0
3 a* 1 1 0
4 a* 1 1 0
5 a5 5 1 0
6 a4 4 1 0
7 a3 3 1 0
8 a2 2 1 0
9 a1 1 1 0
5 a1 1 0 0
6 a1 1 0 0
7 a1 1 0 0
8 a1 1 0 0
5 a2 2 0 0
6 a2 2 0 0
7 a2 2 0 0
9 a2 2 0 0
5 a3 3 0 0
6 a3 3 0 0
8 a3 3 0 0
9 a3 3 0 0
5 a4 4 0 0
7 a4 4 0 0
8 a4 4 0 0
9 a4 4 0 0
6 a5 5 0 0
7 a5 5 0 0
8 a5 5 0 0
9 a5 5 0 0
